0.000000e+00
3.125000e-01
6.250000e-01
9.375000e-01
1.250000e+00
1.562500e+00
1.875000e+00
2.187500e+00
2.500000e+00
2.812500e+00
3.125000e+00
3.437500e+00
3.750000e+00
4.062500e+00
4.375000e+00
4.687500e+00
5.000000e+00
5.312500e+00
5.625000e+00
5.937500e+00
6.250000e+00
6.562500e+00
6.875000e+00
7.187500e+00
7.500000e+00
7.812500e+00
8.125000e+00
8.437500e+00
8.750000e+00
9.062500e+00
9.375000e+00
9.687500e+00
1.000000e+01
1.031250e+01
1.062500e+01
1.093750e+01
1.125000e+01
1.156250e+01
1.187500e+01
1.218750e+01
1.250000e+01
1.281250e+01
1.312500e+01
1.343750e+01
1.375000e+01
1.406250e+01
1.437500e+01
1.468750e+01
1.500000e+01
1.531250e+01
1.562500e+01
1.593750e+01
1.625000e+01
1.656250e+01
1.687500e+01
1.718750e+01
1.750000e+01
1.781250e+01
1.812500e+01
1.843750e+01
1.875000e+01
1.906250e+01
1.937500e+01
1.968750e+01
2.000000e+01
2.031250e+01
2.062500e+01
2.093750e+01
2.125000e+01
2.156250e+01
2.187500e+01
2.218750e+01
2.250000e+01
2.281250e+01
2.312500e+01
2.343750e+01
2.375000e+01
2.406250e+01
2.437500e+01
2.468750e+01
2.500000e+01
2.531250e+01
2.562500e+01
2.593750e+01
2.625000e+01
2.656250e+01
2.687500e+01
2.718750e+01
2.750000e+01
2.781250e+01
2.812500e+01
2.843750e+01
2.875000e+01
2.906250e+01
2.937500e+01
2.968750e+01
3.000000e+01
3.031250e+01
3.062500e+01
3.093750e+01
3.125000e+01
3.156250e+01
3.187500e+01
3.218750e+01
3.250000e+01
3.281250e+01
3.312500e+01
3.343750e+01
3.375000e+01
3.406250e+01
3.437500e+01
3.468750e+01
3.500000e+01
3.531250e+01
3.562500e+01
3.593750e+01
3.625000e+01
3.656250e+01
3.687500e+01
3.718750e+01
3.750000e+01
3.781250e+01
3.812500e+01
3.843750e+01
3.875000e+01
3.906250e+01
3.937500e+01
3.968750e+01
4.000000e+01
4.031250e+01
4.062500e+01
4.093750e+01
4.125000e+01
4.156250e+01
4.187500e+01
4.218750e+01
4.250000e+01
4.281250e+01
4.312500e+01
4.343750e+01
4.375000e+01
4.406250e+01
4.437500e+01
4.468750e+01
4.500000e+01
4.531250e+01
4.562500e+01
4.593750e+01
4.625000e+01
4.656250e+01
4.687500e+01
4.718750e+01
4.750000e+01
